((((((((((((rn6:0.0895665,
           mm10:0.0844801):0.0651926,
          micOch1:0.125658):0.158112,
         cavPor3:0.215578):0.0359592,
        oryCun2:0.199508):0.015313,
       (((hg38:0.00685733,
         panTro5:0.0068924):0.0246446,
        rheMac8:0.0361324):0.0780051,
       tarSyr2:0.139334):0.0250771):0.0171773,
      (((canFam3:0.088804,
        ailMel1:0.077809):0.0216705,
       felCat8:0.0896594):0.0508452,
      bosTau8:0.167604):0.0287444):0.244728,
     monDom5:0.336766):0.0739297,
    ornAna2:0.491447):0.142595,
   (galGal5:0.0589443,
   melGal5:0.0696907):0.398276):0.146609,
  xenTro7:0.856129):0.151588,
 danRer10:1.03966):0.340195,
calMil1:0.340195);
